,c1,c2,r1,r2,w,mean effectiveness,mean time until containment,mean difference in met demand,mean difference in arrival time,mean cost per death prevented
0,-0.7782358489752952,0.993524042654905,0.8303397970972266,0.30212838961462635,0.35655849137545814,-0.5321220698800642,24.8,0.8082636009278271,411.0125,5338.092727565638
1,0.8217423532664785,0.8512504068243123,0.9247573181806656,0.9751535058611103,0.6901995682445616,-0.8345942483208411,18.4,0.4981526878847017,1249.875,1597.1900242312336
2,0.42448910888610647,0.5993513793701841,0.9686071264634762,0.14450377895786606,0.07441479700101783,-0.753625055662741,23.8,0.16123072558930746,543.45,3486.9242118016728
3,-0.28759720054583826,-0.6242719103545802,0.4302189898457728,0.4539961284484681,0.4156220862645029,-0.42087570721203404,26.0,0.7558053161032144,452.85,6328.193083076296
4,0.16021439380724312,0.6058884689700497,0.9442829030081058,0.1778874232771677,0.1829780056832846,-0.7490322655235788,26.0,0.15741799126007952,520.775,3490.7678186453822
5,0.3686092721953582,0.664852844963169,0.27761210278748216,0.4442354232318013,0.4351901963996875,-0.657079286127767,20.6,0.9040298308192444,642.8125,3980.656432888244
6,-0.09587029780697631,-0.5147146636476898,0.17047814546012915,0.24028699269754272,0.7281191211444408,-0.4656171855590648,26.0,0.7914186190616534,429.3625,5730.223023980636
7,0.9216531096548481,0.37697177854736075,0.6895407872857405,0.6181928932983553,0.29665972231174453,-0.8292647722354957,19.0,0.36582207615014173,918.7875,2307.959297922963
8,-0.23802876794089234,0.39087259533423646,0.06140426198049877,0.6588435364267877,0.354198080733381,-0.394909727582903,26.0,0.9158895689866859,364.825,6890.3761040200725
9,-0.68450811369022,0.5945488429574097,0.9449614305991035,0.8395580776142502,0.0902359913314329,-0.8148262976645967,22.8,0.3888424920456581,779.3875,2495.311841235197
10,0.5506667476423877,0.8296798324334012,0.3286054942037688,0.7374773484623541,0.16242182427979535,-0.8370405258901945,16.0,0.3921805255561644,1021.3,2218.5035622635723
11,0.610319204383259,0.7013857501439653,0.3452596588458702,0.649908858881218,0.9081764636229318,-0.8009539075141341,23.0,0.26715540154661743,747.475,2682.212409530875
12,0.31798639836455633,0.7020382098347218,0.7656822439194017,0.4776271452951239,0.48226718260091317,-0.7871711456454326,20.0,0.2993467157186772,714.0125,2548.640649567786
13,0.4879880030167889,0.9868587879023525,0.6715769446464779,0.5873026845627028,0.39264886495314133,-0.8086348064404054,19.0,0.3261949180987436,878.3125,2639.46914525018
14,-0.9348596214248406,-0.610046435698044,0.0002802667212815881,0.9017685659283685,0.8207169342388984,-0.40832392430583964,26.0,0.9687194471756329,391.925,6652.152428651932
15,0.6630449455494583,0.692666420555683,0.4455574448215664,0.35677697845092654,0.8675419704810788,-0.8334595708991241,16.4,0.4093697152152239,1018.5875,2018.3488517125334
16,0.28659436367419633,0.40504039553312055,0.944239876960213,0.3895871617662389,0.1483321060883529,-0.7226052701062662,22.8,0.5468049902764532,619.775,3337.788495451143
17,-0.4394727968280083,0.7376532875607678,0.6607672751007726,0.17592787470176868,0.10768417293527188,-0.6409082178834697,25.2,0.5940821330063538,483.15,4223.652159814003
18,0.8066674856673868,-0.07281628915902427,0.5545790357186172,0.9716554735472217,0.04047779229112125,-0.715992788955106,23.4,0.5802277237949252,605.925,3256.355230874299
